Car 0.0000 0.0000 0.0000 710.0000 179.0000 832.0000 254.0000 1.4710 1.4961 3.6913 3.4753 1.3566 16.0679 1.4561 0.9986
Car 0.0000 0.0000 0.0000 579.0000 176.0000 633.0000 198.0000 1.4997 1.7162 3.5716 -0.1024 0.9140 50.7131 0.7361 0.9985
Car 0.0000 0.0000 0.0000 329.0000 173.0000 483.0000 248.0000 1.4374 1.4624 3.7988 -4.4887 1.2092 15.6129 0.7558 0.9974
Car 0.0000 0.0000 0.0000 440.0000 166.0000 550.0000 226.0000 1.7433 1.7257 3.5407 -3.6694 1.1977 22.9264 0.8020 0.9956
Car 0.0000 0.0000 0.0000 500.0000 172.0000 562.0000 195.0000 1.4222 1.5224 3.8779 -4.9764 0.6371 46.4068 0.5998 0.9931
Car 0.0000 0.0000 0.0000 392.0000 186.0000 429.0000 208.0000 1.4551 1.3335 3.4813 -13.6440 1.5431 49.8687 1.5708 0.9919
Car 0.0000 0.0000 0.0000 640.0000 178.0000 690.0000 211.0000 1.5157 1.6330 3.6181 2.7123 1.1814 34.7944 1.4267 0.9894
Car 0.0000 0.0000 0.0000 -1102.0000 201.0000 322.0000 889.0000 1.4420 1.5375 3.8368 -3.6496 1.5923 3.6855 -1.0551 0.9881
Car 0.0000 0.0000 0.0000 314.0000 178.0000 405.0000 225.0000 1.5592 1.5070 4.1205 -8.9267 1.3306 25.6237 0.8157 0.9787
Car 0.0000 0.0000 0.0000 435.0000 166.0000 469.0000 195.0000 1.8951 1.9236 3.9261 -10.7750 0.6542 49.6816 1.2526 0.9643
Car 0.0000 0.0000 0.0000 487.0000 171.0000 568.0000 204.0000 1.4807 1.6487 3.5907 -3.8263 0.8517 34.0695 0.5586 0.9641
Car 0.0000 0.0000 0.0000 555.0000 175.0000 601.0000 195.0000 1.5708 1.6254 3.6817 -2.3951 0.8285 57.7943 0.7979 0.9638
