Car 0.0000 0.0000 0.0000 -482.0000 201.0000 203.0000 462.0000 1.4902 1.6304 4.1035 -6.2620 1.8254 6.6932 -1.1742 0.9987
Car 0.0000 0.0000 0.0000 665.0000 173.0000 755.0000 224.0000 1.5702 1.7691 3.3131 3.2492 1.6093 24.2218 1.2906 0.9977
Car 0.0000 0.0000 0.0000 494.0000 178.0000 544.0000 200.0000 1.6500 1.7564 3.5003 -6.9526 2.0985 55.1210 0.6330 0.9899
Car 0.0000 0.0000 0.0000 373.0000 182.0000 505.0000 233.0000 1.5625 1.8832 4.1595 -5.7537 1.9003 24.0179 0.5652 0.9880
Car 0.0000 0.0000 0.0000 677.0000 167.0000 866.0000 260.0000 1.4140 1.4828 3.5756 2.7031 1.3635 13.0434 1.1544 0.9827
Car 0.0000 0.0000 0.0000 480.0000 176.0000 539.0000 209.0000 1.5497 1.6080 3.4111 -5.0761 1.7604 36.1666 0.9839 0.9788
Car 0.0000 0.0000 0.0000 196.0000 179.0000 385.0000 255.0000 1.4347 1.7097 3.6082 -6.9597 1.6056 15.6891 -0.5186 0.9781
Car 0.0000 0.0000 0.0000 639.0000 169.0000 691.0000 200.0000 1.3939 1.5894 3.9313 2.5732 1.2824 34.6922 1.4006 0.9739
Car 0.0000 0.0000 0.0000 737.0000 161.0000 1064.0000 386.0000 1.5863 1.6776 3.8001 2.3524 1.5318 7.0091 1.5708 0.9720
Car 0.0000 0.0000 0.0000 404.0000 183.0000 450.0000 221.0000 1.4056 1.2543 4.5727 -7.4189 1.8218 28.9713 1.2056 0.9693
Car 0.0000 0.0000 0.0000 488.0000 178.0000 540.0000 203.0000 1.4931 1.6881 3.6998 -6.1043 1.8567 45.5156 0.9507 0.9673
