Car 0.0000 0.0000 0.0000 -32.0000 180.0000 402.0000 416.0000 1.6320 1.6926 3.8001 -3.5879 1.5935 6.9575 -1.4675 0.9964
Car 0.0000 0.0000 0.0000 406.0000 167.0000 563.0000 245.0000 1.7279 1.4837 3.8520 -3.1155 1.3320 17.7352 0.6053 0.9955
Car 0.0000 0.0000 0.0000 620.0000 176.0000 657.0000 195.0000 1.6294 1.5711 3.6170 2.8557 0.8689 66.0995 1.0194 0.9953
Car 0.0000 0.0000 0.0000 582.0000 176.0000 622.0000 198.0000 1.5252 1.5858 3.7637 -0.4368 0.8878 52.6899 1.1451 0.9952
Car 0.0000 0.0000 0.0000 698.0000 177.0000 823.0000 254.0000 1.4849 1.5213 3.7201 3.1881 1.3295 15.8734 1.4358 0.9925
Car 0.0000 0.0000 0.0000 450.0000 167.0000 529.0000 220.0000 1.7327 1.6102 3.7384 -4.2800 1.1538 25.5133 1.0719 0.9924
Car 0.0000 0.0000 0.0000 339.0000 177.0000 412.0000 221.0000 1.5741 1.5948 3.6148 -8.8596 1.2833 27.2049 0.9540 0.9842
Car 0.0000 0.0000 0.0000 428.0000 180.0000 500.0000 204.0000 1.4234 1.7522 4.1174 -9.0213 1.1740 45.3776 0.1847 0.9837
Car 0.0000 0.0000 0.0000 462.0000 169.0000 542.0000 209.0000 1.9327 1.5536 3.6718 -5.2930 1.1909 36.1076 0.3330 0.9758
Car 0.0000 0.0000 0.0000 660.0000 177.0000 704.0000 213.0000 1.5375 1.4958 3.7038 3.3839 1.2017 33.4254 1.5338 0.9732
