Car 0.0000 0.0000 0.0000 857.0000 163.0000 1131.0000 273.0000 1.5240 1.6275 3.6093 6.0909 1.4152 11.8676 0.9521 0.9993
Car 0.0000 0.0000 0.0000 193.0000 185.0000 381.0000 266.0000 1.4349 1.7456 4.1979 -6.6052 1.7295 15.2500 -1.4690 0.9982
Car 0.0000 0.0000 0.0000 703.0000 184.0000 751.0000 218.0000 1.3681 1.6168 3.9142 5.0465 1.8838 31.5624 1.5708 0.9967
Car 0.0000 0.0000 0.0000 -275.0000 207.0000 341.0000 536.0000 1.4310 1.5672 3.7514 -3.5391 1.7655 5.3527 1.5708 0.9931
Car 0.0000 0.0000 0.0000 353.0000 159.0000 482.0000 246.0000 1.6732 1.6653 4.3818 -4.1915 1.4488 16.3063 1.5708 0.9914
Car 0.0000 0.0000 0.0000 337.0000 187.0000 479.0000 243.0000 1.4808 1.7277 3.6738 -5.9887 1.9289 21.4804 -0.7331 0.9910
Car 0.0000 0.0000 0.0000 760.0000 165.0000 915.0000 228.0000 1.5256 1.6629 3.8426 5.9953 1.3671 19.4875 1.0356 0.9896
Car 0.0000 0.0000 0.0000 381.0000 180.0000 464.0000 228.0000 1.5935 1.7444 4.3276 -6.6559 1.8641 25.9712 1.5708 0.9861
Car 0.0000 0.0000 0.0000 482.0000 177.0000 545.0000 205.0000 1.5445 1.7403 4.0314 -5.6869 1.8527 42.3419 0.8703 0.9741
Car 0.0000 0.0000 0.0000 906.0000 149.0000 1378.0000 364.0000 1.5533 1.6762 3.5139 4.6802 1.4031 7.0980 1.3817 0.9621
