Car 0.0000 0.0000 0.0000 720.0000 176.0000 836.0000 219.0000 1.4496 1.5612 3.8341 6.0488 1.6145 26.2924 0.7879 0.9979
Car 0.0000 0.0000 0.0000 434.0000 182.0000 511.0000 213.0000 1.3813 1.4918 3.8943 -6.5568 1.8382 34.1687 0.7354 0.9970
Car 0.0000 0.0000 0.0000 652.0000 169.0000 765.0000 230.0000 1.5298 1.7100 3.8486 2.6142 1.4740 20.2865 1.2863 0.9961
Car 0.0000 0.0000 0.0000 104.0000 176.0000 367.0000 299.0000 1.8639 1.6343 4.0053 -6.5438 1.9344 13.0326 -1.0932 0.9956
Car 0.0000 0.0000 0.0000 -564.0000 193.0000 179.0000 511.0000 1.6469 1.6249 3.7459 -5.9533 1.8521 5.8970 -0.9274 0.9858
Car 0.0000 0.0000 0.0000 473.0000 175.0000 533.0000 204.0000 1.5558 1.5537 3.6872 -5.9759 1.7031 40.0538 0.8811 0.9817
Car 0.0000 0.0000 0.0000 407.0000 189.0000 468.0000 238.0000 1.3910 1.3603 3.5173 -5.5644 1.9286 22.8979 1.1857 0.9816
Car 0.0000 0.0000 0.0000 657.0000 177.0000 702.0000 199.0000 1.4867 1.6601 3.5650 4.8189 1.8025 50.1688 1.2039 0.9799
Car 0.0000 0.0000 0.0000 887.0000 24.0000 2845.0000 1082.0000 1.6554 1.6346 3.8482 2.8199 1.4338 3.0968 1.5062 0.9792
Car 0.0000 0.0000 0.0000 505.0000 175.0000 552.0000 195.0000 1.3411 1.5041 3.4190 -5.6241 1.5422 49.6791 0.8617 0.9672
