Car 0.0000 0.0000 0.0000 624.0000 181.0000 662.0000 202.0000 1.3749 1.6916 3.7128 2.3745 1.1029 49.0432 1.3583 0.9987
Car 0.0000 0.0000 0.0000 291.0000 165.0000 404.0000 304.0000 1.7959 1.3897 4.6505 -4.2101 1.5229 11.7219 1.2429 0.9978
Car 0.0000 0.0000 0.0000 690.0000 170.0000 869.0000 271.0000 1.5899 1.6437 3.6537 2.9637 1.3517 13.3526 1.2888 0.9975
Car 0.0000 0.0000 0.0000 594.0000 175.0000 621.0000 201.0000 1.6481 1.6470 3.4879 -0.0340 1.0329 48.1799 1.5404 0.9960
Car 0.0000 0.0000 0.0000 382.0000 182.0000 526.0000 233.0000 1.4149 1.5730 4.1751 -4.7128 1.3525 21.8858 0.4324 0.9898
Car 0.0000 0.0000 0.0000 364.0000 173.0000 444.0000 213.0000 1.6051 1.6656 3.9072 -8.8613 1.1216 31.1415 0.8031 0.9874
Car 0.0000 0.0000 0.0000 450.0000 172.0000 535.0000 211.0000 1.5576 1.6338 3.0835 -4.7399 1.0580 29.7333 0.1347 0.9872
Car 0.0000 0.0000 0.0000 621.0000 174.0000 703.0000 223.0000 1.5520 1.4823 3.4291 1.7596 1.1905 24.6750 1.2105 0.9847
Car 0.0000 0.0000 0.0000 606.0000 176.0000 651.0000 195.0000 1.4837 1.5954 3.8068 1.7444 0.8155 59.4849 0.8747 0.9792
Car 0.0000 0.0000 0.0000 147.0000 177.0000 351.0000 260.0000 1.4986 1.3075 3.5696 -7.2962 1.3525 14.8767 -0.9477 0.9780
Car 0.0000 0.0000 0.0000 560.0000 176.0000 592.0000 196.0000 1.6194 1.5340 3.8892 -2.6102 0.8950 58.9183 1.2145 0.9725
Car 0.0000 0.0000 0.0000 663.0000 175.0000 713.0000 201.0000 1.6500 1.5917 3.7366 5.4249 1.0109 48.6010 1.1217 0.9664
