Car 0.0000 0.0000 0.0000 366.0000 178.0000 472.0000 252.0000 1.6843 1.7648 3.9234 -5.0895 1.8556 18.7553 1.0670 0.9981
Car 0.0000 0.0000 0.0000 484.0000 179.0000 562.0000 213.0000 1.5074 1.5248 3.4677 -4.1405 1.8616 34.0875 0.5665 0.9980
Car 0.0000 0.0000 0.0000 217.0000 183.0000 410.0000 292.0000 1.5010 1.8746 4.4284 -4.8382 1.6987 12.4249 1.4716 0.9948
Car 0.0000 0.0000 0.0000 782.0000 151.0000 934.0000 257.0000 1.5266 1.5226 3.8485 4.0312 1.2450 12.4164 1.5708 0.9918
Car 0.0000 0.0000 0.0000 486.0000 173.0000 560.0000 201.0000 1.4750 1.5658 4.0868 -4.7398 1.5289 38.9937 0.6994 0.9800
Car 0.0000 0.0000 0.0000 49.0000 209.0000 288.0000 301.0000 1.4510 1.4856 3.4274 -7.7935 2.1457 12.8067 0.1247 0.9793
Car 0.0000 0.0000 0.0000 667.0000 173.0000 737.0000 210.0000 1.6287 1.5546 3.8553 4.3077 1.6963 34.4261 1.1736 0.9784
Car 0.0000 0.0000 0.0000 655.0000 178.0000 739.0000 228.0000 1.4510 1.6015 4.1158 2.6469 1.6423 23.0588 1.4257 0.9719
Car 0.0000 0.0000 0.0000 888.0000 148.0000 1417.0000 382.0000 1.6079 1.6155 3.8655 4.6808 1.4616 7.0363 1.2380 0.9707
Car 0.0000 0.0000 0.0000 -73.0000 214.0000 393.0000 413.0000 1.4360 1.6034 3.9752 -4.6297 1.9891 7.7984 -0.6819 0.9700
