Car 0.0000 0.0000 0.0000 665.0000 179.0000 767.0000 236.0000 1.3624 1.4499 4.1190 2.7106 1.5443 19.5223 1.3900 0.9975
Car 0.0000 0.0000 0.0000 701.0000 168.0000 974.0000 307.0000 1.5160 1.5411 3.9323 2.7974 1.4926 9.9647 1.2417 0.9939
Car 0.0000 0.0000 0.0000 508.0000 180.0000 562.0000 207.0000 1.6988 1.7535 3.7107 -4.9708 2.2345 47.5702 0.8959 0.9925
Car 0.0000 0.0000 0.0000 407.0000 180.0000 491.0000 231.0000 1.3448 1.8225 3.7538 -4.9209 1.5961 21.6019 1.1809 0.9918
Car 0.0000 0.0000 0.0000 153.0000 176.0000 432.0000 285.0000 1.8024 1.5749 4.7873 -6.1324 1.9004 14.2202 -0.6532 0.9852
Car 0.0000 0.0000 0.0000 745.0000 175.0000 793.0000 202.0000 1.4557 1.4942 3.2942 9.2286 1.6582 41.9722 1.3694 0.9803
Car 0.0000 0.0000 0.0000 -341.0000 181.0000 189.0000 433.0000 1.9318 1.8394 3.6283 -6.8201 2.0403 7.6180 -1.1702 0.9759
Car 0.0000 0.0000 0.0000 425.0000 170.0000 506.0000 211.0000 1.6259 1.8504 3.7189 -6.1440 1.5399 30.3737 0.8920 0.9754
Car 0.0000 0.0000 0.0000 442.0000 177.0000 506.0000 208.0000 1.5458 1.4454 4.1122 -7.3652 1.8464 38.7802 0.8336 0.9727
Car 0.0000 0.0000 0.0000 613.0000 175.0000 668.0000 199.0000 1.5892 1.6917 3.6962 2.1005 1.8091 50.0502 0.8616 0.9626
