Car 0.0000 0.0000 0.0000 225.0000 207.0000 356.0000 280.0000 1.3041 1.9011 3.9667 -7.3055 2.2118 16.8361 1.3956 0.9994
Car 0.0000 0.0000 0.0000 947.0000 172.0000 1367.0000 334.0000 1.4583 1.6539 3.5326 6.0500 1.4790 8.4540 1.0457 0.9977
Car 0.0000 0.0000 0.0000 492.0000 175.0000 541.0000 197.0000 1.5671 1.6670 3.7638 -6.9697 1.7666 53.8170 0.7878 0.9944
Car 0.0000 0.0000 0.0000 452.0000 183.0000 521.0000 216.0000 1.5036 1.7363 3.9639 -6.2160 2.0538 35.9083 0.9260 0.9924
Car 0.0000 0.0000 0.0000 647.0000 168.0000 760.0000 223.0000 1.5095 1.6091 3.3991 2.7050 1.4110 21.7478 1.0360 0.9914
Car 0.0000 0.0000 0.0000 -401.0000 203.0000 258.0000 478.0000 1.6570 1.4380 4.4622 -6.0100 2.0321 7.0215 -0.9988 0.9886
Car 0.0000 0.0000 0.0000 376.0000 182.0000 433.0000 223.0000 1.3024 1.1655 4.7929 -7.3474 1.6606 25.4522 1.1366 0.9878
Car 0.0000 0.0000 0.0000 622.0000 176.0000 670.0000 199.0000 1.5476 1.5969 3.8334 2.4623 1.8135 50.0116 1.0945 0.9878
Car 0.0000 0.0000 0.0000 429.0000 176.0000 513.0000 217.0000 1.5793 1.6295 3.4749 -5.7992 1.7669 29.8213 0.7437 0.9837
Car 0.0000 0.0000 0.0000 351.0000 195.0000 486.0000 258.0000 1.5492 1.4200 4.3479 -5.5309 2.2205 20.4408 0.6880 0.9793
