Car 0.0000 0.0000 0.0000 721.0000 165.0000 874.0000 287.0000 1.5558 1.6686 3.6522 2.6526 1.4945 11.1206 1.5708 0.9967
Car 0.0000 0.0000 0.0000 -91.0000 207.0000 399.0000 432.0000 1.3535 1.7940 3.7170 -3.8328 1.7563 6.8262 -1.3231 0.9966
Car 0.0000 0.0000 0.0000 687.0000 171.0000 749.0000 231.0000 1.6526 1.5356 3.6440 3.1905 1.6525 21.9509 1.5708 0.9956
Car 0.0000 0.0000 0.0000 885.0000 159.0000 1644.0000 648.0000 1.5327 1.6260 3.4576 2.7108 1.5154 4.1090 -1.3809 0.9946
Car 0.0000 0.0000 0.0000 684.0000 171.0000 787.0000 243.0000 1.5028 1.5286 3.5031 2.8284 1.5056 17.1468 1.4815 0.9931
Car 0.0000 0.0000 0.0000 307.0000 187.0000 521.0000 294.0000 1.3713 1.7339 3.5383 -2.9135 1.6237 11.4011 -1.3172 0.9922
Car 0.0000 0.0000 0.0000 626.0000 175.0000 687.0000 202.0000 1.5593 1.5747 3.7977 2.8047 1.7255 43.9555 0.9233 0.9912
Car 0.0000 0.0000 0.0000 861.0000 168.0000 942.0000 209.0000 1.4865 1.6097 3.4962 11.4267 1.3650 28.5378 1.5164 0.9879
Car 0.0000 0.0000 0.0000 364.0000 181.0000 496.0000 242.0000 1.4280 1.7691 3.6591 -4.6092 1.6627 18.9522 -1.2938 0.9825
Car 0.0000 0.0000 0.0000 464.0000 175.0000 526.0000 201.0000 1.5399 1.6310 3.5344 -7.0438 1.6996 44.1052 0.5788 0.9613
