Car 0.0000 0.0000 0.0000 679.0000 169.0000 826.0000 260.0000 1.6530 1.6068 3.7735 2.8626 1.3529 15.1704 1.3413 0.9988
Car 0.0000 0.0000 0.0000 302.0000 162.0000 454.0000 298.0000 1.6152 1.7490 4.0874 -3.3895 1.3276 10.7364 1.2879 0.9988
Car 0.0000 0.0000 0.0000 449.0000 169.0000 552.0000 226.0000 1.6017 1.5691 3.7323 -3.3825 1.1493 21.9972 0.9565 0.9971
Car 0.0000 0.0000 0.0000 582.0000 176.0000 631.0000 199.0000 1.6030 1.5222 3.5922 -0.1102 0.9971 51.9138 0.8561 0.9954
Car 0.0000 0.0000 0.0000 656.0000 176.0000 708.0000 221.0000 1.6609 1.6250 3.5171 2.8739 1.3174 28.4473 1.5565 0.9943
Car 0.0000 0.0000 0.0000 389.0000 174.0000 440.0000 217.0000 1.6786 1.5638 3.9613 -8.2714 1.2579 30.5455 1.1764 0.9917
Car 0.0000 0.0000 0.0000 521.0000 174.0000 563.0000 196.0000 1.4998 1.7727 3.6569 -4.7542 0.7581 51.8533 1.0812 0.9861
Car 0.0000 0.0000 0.0000 610.0000 176.0000 657.0000 196.0000 1.5150 1.6521 3.9581 2.0244 0.8406 56.5027 0.9770 0.9836
Car 0.0000 0.0000 0.0000 392.0000 177.0000 448.0000 207.0000 1.5847 1.5213 3.6271 -10.5286 1.1779 40.2388 0.8395 0.9724
Car 0.0000 0.0000 0.0000 453.0000 172.0000 545.0000 214.0000 1.6310 1.8556 3.7013 -4.5138 1.1289 29.5731 0.7539 0.9661
Car 0.0000 0.0000 0.0000 319.0000 184.0000 392.0000 240.0000 1.4490 1.1349 4.2578 -7.3842 1.4412 21.3114 1.4506 0.9602
