Car 0.0000 0.0000 0.0000 655.0000 165.0000 733.0000 217.0000 1.4864 1.4776 3.3672 2.5280 1.2896 22.6182 1.3788 0.9969
Car 0.0000 0.0000 0.0000 157.0000 173.0000 466.0000 293.0000 1.4913 1.6892 4.0006 -4.4186 1.5136 10.8271 -0.6246 0.9932
Car 0.0000 0.0000 0.0000 399.0000 180.0000 466.0000 214.0000 1.5737 1.7348 4.3782 -8.9308 1.9754 36.0919 0.9467 0.9912
Car 0.0000 0.0000 0.0000 592.0000 164.0000 649.0000 226.0000 1.7250 1.5624 3.7166 0.2539 1.5133 21.9174 1.5589 0.9908
Car 0.0000 0.0000 0.0000 567.0000 168.0000 641.0000 208.0000 1.6360 1.5627 3.7413 -0.3476 1.4984 31.7617 1.0315 0.9881
Car 0.0000 0.0000 0.0000 900.0000 136.0000 1736.0000 658.0000 1.5104 1.6189 3.4416 2.7474 1.4281 3.9311 -1.3721 0.9842
Car 0.0000 0.0000 0.0000 730.0000 170.0000 878.0000 223.0000 1.4918 1.6149 4.0369 5.8634 1.4439 22.0472 0.6048 0.9823
Car 0.0000 0.0000 0.0000 366.0000 183.0000 450.0000 228.0000 1.5035 1.6957 4.2238 -7.6580 1.9331 26.9961 0.9582 0.9718
Car 0.0000 0.0000 0.0000 -448.0000 110.0000 370.0000 545.0000 1.6766 1.3627 3.4238 -3.4739 1.4474 4.4975 -0.8206 0.9669
Car 0.0000 0.0000 0.0000 690.0000 149.0000 986.0000 293.0000 1.5825 1.6143 3.8795 2.8335 1.3458 9.9777 1.0908 0.9618
