Car 0.0000 0.0000 0.0000 -243.0000 218.0000 291.0000 409.0000 1.4974 1.3006 4.3721 -6.0311 2.1055 8.0246 -0.4932 0.9973
Car 0.0000 0.0000 0.0000 228.0000 178.0000 396.0000 249.0000 1.6444 1.5241 3.5444 -7.3381 1.8060 17.8698 0.0598 0.9950
Car 0.0000 0.0000 0.0000 822.0000 179.0000 1025.0000 265.0000 1.4684 1.6214 3.7199 6.0808 1.6208 14.5503 1.2224 0.9930
Car 0.0000 0.0000 0.0000 894.0000 165.0000 1217.0000 315.0000 1.4385 1.6452 3.5836 5.0121 1.3974 8.8163 1.5477 0.9906
Car 0.0000 0.0000 0.0000 436.0000 177.0000 492.0000 216.0000 1.5760 1.7286 3.8376 -6.3815 1.7868 31.1414 1.1962 0.9898
Car 0.0000 0.0000 0.0000 757.0000 174.0000 854.0000 245.0000 1.5721 1.5642 3.9642 4.7424 1.6377 18.0920 1.5708 0.9871
Car 0.0000 0.0000 0.0000 626.0000 174.0000 681.0000 206.0000 1.4430 1.6457 3.4076 2.0879 1.5619 35.3680 1.2997 0.9861
Car 0.0000 0.0000 0.0000 490.0000 178.0000 524.0000 204.0000 1.5038 1.4207 3.6147 -6.2485 1.8675 43.9031 1.5708 0.9858
Car 0.0000 0.0000 0.0000 603.0000 174.0000 658.0000 198.0000 1.6367 1.6902 3.7850 1.4453 1.7471 50.9916 0.8179 0.9838
Car 0.0000 0.0000 0.0000 52.0000 195.0000 357.0000 315.0000 1.6499 1.6691 3.8280 -6.2180 2.0473 11.3242 -0.0524 0.9782
Car 0.0000 0.0000 0.0000 904.0000 164.0000 1095.0000 239.0000 1.4886 1.6693 3.8779 8.6607 1.3565 16.5093 1.3436 0.9690
