Car 0.0000 0.0000 0.0000 700.0000 174.0000 878.0000 277.0000 1.4592 1.5160 3.7535 2.8230 1.5203 12.3581 1.3850 0.9970
Car 0.0000 0.0000 0.0000 1026.0000 86.0000 2122.0000 874.0000 1.5964 1.5666 3.4873 3.0091 1.4392 3.3685 -1.1447 0.9957
Car 0.0000 0.0000 0.0000 -631.0000 190.0000 134.0000 505.0000 1.5765 1.3694 3.6528 -5.9421 1.7454 5.6694 -1.3496 0.9948
Car 0.0000 0.0000 0.0000 16.0000 211.0000 368.0000 345.0000 1.4410 1.5839 4.4273 -6.1641 2.1333 11.1109 -0.9297 0.9939
Car 0.0000 0.0000 0.0000 400.0000 182.0000 458.0000 221.0000 1.5393 1.7686 3.8533 -7.8864 1.9710 31.1837 1.1453 0.9885
Car 0.0000 0.0000 0.0000 676.0000 167.0000 745.0000 236.0000 1.6678 1.6419 3.2667 2.6952 1.5729 19.1818 -1.3938 0.9830
Car 0.0000 0.0000 0.0000 615.0000 176.0000 678.0000 205.0000 1.5796 1.6235 4.2011 2.0918 1.8433 42.1309 1.0511 0.9829
Car 0.0000 0.0000 0.0000 472.0000 170.0000 540.0000 206.0000 1.8743 1.6960 4.1926 -5.7925 1.7738 40.0290 0.8463 0.9743
Car 0.0000 0.0000 0.0000 401.0000 179.0000 461.0000 234.0000 1.5116 1.6390 4.0726 -5.5209 1.7475 22.4803 1.3597 0.9667
Car 0.0000 0.0000 0.0000 644.0000 173.0000 710.0000 214.0000 1.4989 1.5638 3.4575 2.5516 1.5535 28.4533 1.3422 0.9648
