Car 0.0000 0.0000 0.0000 91.0000 216.0000 314.0000 357.0000 1.4804 1.5701 4.3391 -5.9498 2.2741 11.0789 1.4153 0.9976
Car 0.0000 0.0000 0.0000 673.0000 173.0000 899.0000 277.0000 1.4642 1.5737 3.5158 2.7301 1.4949 12.0164 1.0038 0.9962
Car 0.0000 0.0000 0.0000 457.0000 179.0000 539.0000 204.0000 1.3429 1.6157 4.5455 -6.5067 1.7834 41.8751 0.4382 0.9960
Car 0.0000 0.0000 0.0000 367.0000 168.0000 464.0000 228.0000 1.7823 1.4477 3.6848 -6.3636 1.6771 23.3193 0.8089 0.9948
Car 0.0000 0.0000 0.0000 687.0000 168.0000 738.0000 219.0000 1.5190 1.4633 3.2887 3.2723 1.4001 22.8961 -1.3938 0.9935
Car 0.0000 0.0000 0.0000 429.0000 176.0000 518.0000 209.0000 1.3999 1.9549 4.0856 -6.2716 1.6010 32.8545 0.7789 0.9897
Car 0.0000 0.0000 0.0000 617.0000 175.0000 667.0000 199.0000 1.6069 1.7262 3.4521 2.2395 1.8142 51.1525 0.9319 0.9888
Car 0.0000 0.0000 0.0000 507.0000 178.0000 562.0000 199.0000 1.4221 1.6457 4.0218 -5.2879 1.8166 50.4641 0.8052 0.9715
Car 0.0000 0.0000 0.0000 756.0000 172.0000 806.0000 200.0000 1.5409 1.6352 3.6134 10.1695 1.5734 43.2088 1.4061 0.9710
Car 0.0000 0.0000 0.0000 153.0000 173.0000 369.0000 259.0000 1.5799 1.5778 4.0283 -7.2743 1.6072 15.4220 -1.1029 0.9626
