Car 0.0000 0.0000 0.0000 784.0000 174.0000 948.0000 242.0000 1.5130 1.6617 3.8889 6.3412 1.5924 18.4052 1.1281 0.9988
Car 0.0000 0.0000 0.0000 624.0000 167.0000 702.0000 206.0000 1.6037 1.7426 3.6431 2.2712 1.4166 31.9700 1.0737 0.9966
Car 0.0000 0.0000 0.0000 -66.0000 200.0000 343.0000 381.0000 1.4499 1.4468 3.4364 -4.9135 1.8096 7.8086 -0.6246 0.9964
Car 0.0000 0.0000 0.0000 397.0000 180.0000 462.0000 227.0000 1.5860 1.7502 3.5332 -6.5752 1.8809 26.5755 1.4901 0.9952
Car 0.0000 0.0000 0.0000 471.0000 178.0000 535.0000 210.0000 1.8083 1.5491 4.1807 -6.5962 2.2064 44.1453 0.7442 0.9840
Car 0.0000 0.0000 0.0000 521.0000 176.0000 573.0000 196.0000 1.4891 1.8124 3.9184 -4.8837 1.8259 56.1548 0.6980 0.9824
Car 0.0000 0.0000 0.0000 456.0000 180.0000 500.0000 211.0000 1.5732 1.4316 3.7538 -7.1699 2.0162 38.9036 1.1378 0.9689
Car 0.0000 0.0000 0.0000 504.0000 177.0000 548.0000 195.0000 1.5967 1.6898 3.7575 -7.3940 1.9863 63.4965 0.6913 0.9661
Car 0.0000 0.0000 0.0000 471.0000 180.0000 499.0000 204.0000 1.5392 1.4563 3.3250 -8.3231 2.0308 47.9467 1.2795 0.9647
Car 0.0000 0.0000 0.0000 959.0000 134.0000 1423.0000 317.0000 1.5424 1.6136 3.7389 6.0428 1.2391 8.1280 1.2005 0.9609
